2879999
54868588300
54868605400
2877001
2877005
2877059
2880301
2880359
2880361
62381877005
62381877009
169300701
169300712
169300715
169300725
169368212
169368213
169369619
169369697
169369698
420368212
420368213
420369619
420369690
420369691
50090227200
54569663100
54868520100
54868532700
54868532701
70518211900
2739359
2879301
2879359
2879801
2879859
2879899
88221900
88221905
88222000
88222001
88222052
88222060
88222061
88502000
88502001
88502005
12854033500
12854033501
12854033560
12854033561
50090139800
54569646200
54569646201
54868576500
54868623100
68258893103
70518139000
2771101
2771159
2771501
2771559
2771563
54868588300
169231211
169330511
169643810
169643890
169643897
169643898
169643910
169643990
169643992
169643997
420643993
420643994
50090147500
54569630100
54569630101
54569657000
54868588300
68258892703
70518138700
2739459
2879401
2879459
2879701
2879759
2879761
2879799
62381879405
62381879409
88250001
88250052
88250201
88250205
12854033701
12854033752
12854033805
